<?xml version="1.0" encoding="utf-8"?>
<COLLADA xmlns="http://www.collada.org/2005/11/COLLADASchema" version="1.4.1">
  <asset>
    <contributor>
      <author>Mixamo</author>
      <authoring_tool>COLLADA Mixamo exporter</authoring_tool>
      <comments/>
    </contributor>
    <created>2024-01-19T17:15:38Z</created>
    <modified>2024-01-19T17:15:38Z</modified>
    <revision/>
    <title/>
    <unit meter="0.010000"/>
    <up_axis>Y_UP</up_axis>
  </asset>
  <library_animations>
    <animation id="mixamorig_Hips-anim" name="mixamorig_Hips">
      <source id="mixamorig_Hips-Matrix-animation-input">
        <float_array id="mixamorig_Hips-Matrix-animation-input-array" count="104">

0.000000 0.033333 0.066667 0.100000 0.133333 0.166667 0.200000 0.233333 0.266667 0.300000 0.333333 0.366667 0.400000 0.433333 0.466667 0.500000
0.533333 0.566667 0.600000 0.633333 0.666667 0.700000 0.733333 0.766667 0.800000 0.833333 0.866667 0.900000 0.933333 0.966667 1.000000 1.033333
1.066667 1.100000 1.133333 1.166667 1.200000 1.233333 1.266667 1.300000 1.333333 1.366667 1.400000 1.433333 1.466667 1.500000 1.533333 1.566667
1.600000 1.633333 1.666667 1.700000 1.733333 1.766667 1.800000 1.833333 1.866667 1.900000 1.933333 1.966667 2.000000 2.033333 2.066667 2.100000
2.133333 2.166667 2.200000 2.233333 2.266667 2.300000 2.333333 2.366667 2.400000 2.433333 2.466667 2.500000 2.533333 2.566667 2.600000 2.633333
2.666667 2.700000 2.733333 2.766667 2.800000 2.833333 2.866667 2.900000 2.933333 2.966667 3.000000 3.033333 3.066667 3.100000 3.133333 3.166667
3.200000 3.233333 3.266667 3.300000 3.333333 3.366667 3.400000 3.433333</float_array>
        <technique_common>
          <accessor source="#mixamorig_Hips-Matrix-animation-input-array" count="104">
            <param name="TIME" type="float"/>
          </accessor>
        </technique_common>
      </source>
      <source id="mixamorig_Hips-Matrix-animation-output-transform">
        <float_array id="mixamorig_Hips-Matrix-animation-output-transform-array" count="1664">

0.938795 0.075157 0.336179 -67.893028 0.044665 0.941113 -0.335129 80.950195 -0.341570 0.329633 0.880155 -7.284007 0.000000 0.000000 0.000000 1.000000
0.919690 0.105874 0.378101 -68.567078 0.024538 0.945580 -0.324464 81.631172 -0.391877 0.307684 0.867042 -8.598431 0.000000 0.000000 0.000000 1.000000
0.898896 0.132778 0.417559 -69.083916 0.004893 0.949878 -0.312583 82.090050 -0.438135 0.283022 0.853192 -9.980388 0.000000 0.000000 0.000000 1.000000
0.877665 0.154438 0.453710 -69.510719 -0.013255 0.954120 -0.299131 82.253448 -0.479091 0.256523 0.839445 -11.395020 0.000000 0.000000 0.000000 1.000000
0.858114 0.168095 0.485164 -69.938492 -0.027296 0.958492 -0.283810 82.098412 -0.512732 0.230298 0.827084 -12.858147 0.000000 0.000000 0.000000 1.000000
0.841704 0.171709 0.511908 -70.389198 -0.034500 0.963252 -0.266375 81.591225 -0.538835 0.206548 0.816697 -14.504213 0.000000 0.000000 0.000000 1.000000
0.828669 0.165129 0.534828 -70.798737 -0.036299 0.969336 -0.243043 80.703781 -0.558561 0.181988 0.809253 -16.537909 0.000000 0.000000 0.000000 1.000000
0.819977 0.147461 0.553076 -71.158279 -0.035581 0.977509 -0.207871 79.479553 -0.571290 0.150770 0.806782 -18.977160 0.000000 0.000000 0.000000 1.000000
0.816790 0.119755 0.564369 -71.506523 -0.034752 0.986656 -0.159065 77.999809 -0.575887 0.110309 0.810053 -21.472557 0.000000 0.000000 0.000000 1.000000
0.823068 0.085784 0.561427 -71.771271 -0.035382 0.994352 -0.100062 76.358948 -0.566839 0.062493 0.821455 -23.581820 0.000000 0.000000 0.000000 1.000000
0.837215 0.060781 0.543486 -71.700340 -0.041296 0.997993 -0.047997 74.750145 -0.545313 0.017740 0.838045 -25.092649 0.000000 0.000000 0.000000 1.000000
0.851805 0.052308 0.521241 -71.160683 -0.053430 0.998488 -0.012885 73.394257 -0.521127 -0.016874 0.853312 -26.107384 0.000000 0.000000 0.000000 1.000000
0.862373 0.059427 0.502774 -70.092537 -0.069519 0.997580 0.001327 72.578644 -0.501478 -0.036097 0.864417 -26.487907 0.000000 0.000000 0.000000 1.000000
0.868370 0.078074 0.489732 -68.969757 -0.086518 0.996236 -0.005412 72.337112 -0.488311 -0.037671 0.871856 -26.371840 0.000000 0.000000 0.000000 1.000000
0.870537 0.105913 0.480571 -67.094566 -0.103113 0.994145 -0.032315 72.468468 -0.481179 -0.021422 0.876360 -24.890806 0.000000 0.000000 0.000000 1.000000
0.869599 0.140606 0.473315 -65.214478 -0.118151 0.990004 -0.077024 73.007782 -0.479414 0.011057 0.877519 -22.565075 0.000000 0.000000 0.000000 1.000000
0.867144 0.176401 0.465772 -62.439457 -0.128242 0.982725 -0.133435 73.797150 -0.481264 0.055976 0.874787 -19.116472 0.000000 0.000000 0.000000 1.000000
0.865865 0.203915 0.456834 -59.291019 -0.127897 0.973041 -0.191921 74.647385 -0.483654 0.107750 0.868602 -15.189871 0.000000 0.000000 0.000000 1.000000
0.867929 0.215759 0.447378 -56.032490 -0.114481 0.963371 -0.242510 75.312309 -0.483315 0.159265 0.860838 -11.282676 0.000000 0.000000 0.000000 1.000000
0.873631 0.211392 0.438272 -52.803097 -0.091955 0.956197 -0.277904 75.688431 -0.477822 0.202484 0.854802 -7.541586 0.000000 0.000000 0.000000 1.000000
0.881750 0.196878 0.428668 -49.604237 -0.069636 0.953109 -0.294505 75.955673 -0.466549 0.229829 0.854114 -4.710341 0.000000 0.000000 0.000000 1.000000
0.891261 0.179345 0.416521 -47.011387 -0.055011 0.954450 -0.293255 76.286995 -0.450142 0.238454 0.860530 -1.749056 0.000000 0.000000 0.000000 1.000000
0.901260 0.163019 0.401442 -44.048431 -0.048288 0.958540 -0.280837 76.899841 -0.430580 0.233722 0.871765 0.049768 0.000000 0.000000 0.000000 1.000000
0.910025 0.147859 0.387288 -41.376484 -0.042874 0.962789 -0.266832 77.615524 -0.412330 0.226219 0.882501 2.106624 0.000000 0.000000 0.000000 1.000000
0.915508 0.132270 0.379933 -38.735592 -0.033116 0.965977 -0.256497 78.279434 -0.400934 0.222244 0.888741 4.134421 0.000000 0.000000 0.000000 1.000000
0.917586 0.115365 0.380429 -36.141499 -0.019227 0.968725 -0.247391 78.829468 -0.397071 0.219688 0.891107 5.636304 0.000000 0.000000 0.000000 1.000000
0.919410 0.096482 0.381283 -33.608540 -0.004817 0.972134 -0.234378 79.160652 -0.393272 0.213652 0.894254 7.109481 0.000000 0.000000 0.000000 1.000000
0.925030 0.076188 0.372176 -31.126795 0.006913 0.976146 -0.217007 79.310944 -0.379832 0.203311 0.902437 8.063003 0.000000 0.000000 0.000000 1.000000
0.934170 0.058950 0.351925 -28.684050 0.013930 0.979483 -0.201045 79.075165 -0.356556 0.192712 0.914183 9.017076 0.000000 0.000000 0.000000 1.000000
0.941903 0.047564 0.332500 -25.986008 0.018586 0.981025 -0.192986 78.533264 -0.335370 0.187954 0.923147 9.738035 0.000000 0.000000 0.000000 1.000000
0.943288 0.044907 0.328925 -23.034014 0.020932 0.980791 -0.193934 77.698090 -0.331316 0.189821 0.924228 10.568851 0.000000 0.000000 0.000000 1.000000
0.937325 0.051313 0.344657 -19.751547 0.019418 0.979870 -0.198692 76.738312 -0.347914 0.192931 0.917460 10.767559 0.000000 0.000000 0.000000 1.000000
0.926716 0.066100 0.369903 -16.309763 0.009882 0.979779 -0.199839 75.569939 -0.375633 0.188849 0.907324 11.705132 0.000000 0.000000 0.000000 1.000000
0.916117 0.086150 0.391546 -12.426458 -0.009285 0.980936 -0.194107 74.504341 -0.400804 0.174190 0.899452 11.932424 0.000000 0.000000 0.000000 1.000000
0.910658 0.107849 0.398836 -8.187569 -0.034041 0.981633 -0.187718 73.832878 -0.411756 0.157371 0.897603 11.712581 0.000000 0.000000 0.000000 1.000000
0.914449 0.128983 0.383598 -3.452188 -0.056687 0.979331 -0.194161 73.586578 -0.400712 0.155805 0.902859 11.370591 0.000000 0.000000 0.000000 1.000000
0.928089 0.146606 0.342282 2.402565 -0.071710 0.972394 -0.222055 73.651093 -0.365387 0.181542 0.912981 10.280701 0.000000 0.000000 0.000000 1.000000
0.946635 0.155080 0.282546 8.520241 -0.079043 0.961567 -0.262948 73.730499 -0.312465 0.226583 0.922511 9.055486 0.000000 0.000000 0.000000 1.000000
0.962354 0.152913 0.224705 14.455090 -0.082668 0.952238 -0.293955 73.584274 -0.258922 0.264312 0.929031 8.081967 0.000000 0.000000 0.000000 1.000000
0.971302 0.147456 0.186628 20.077477 -0.087222 0.950796 -0.297287 73.569458 -0.221282 0.272477 0.936371 6.783015 0.000000 0.000000 0.000000 1.000000
0.975311 0.142857 0.168407 25.021488 -0.092164 0.956306 -0.277462 73.564827 -0.200686 0.255090 0.945861 5.014923 0.000000 0.000000 0.000000 1.000000
0.978013 0.140697 0.153929 29.104902 -0.098041 0.961670 -0.256084 73.572083 -0.184059 0.235363 0.954320 3.405265 0.000000 0.000000 0.000000 1.000000
0.981634 0.139403 0.130234 32.720989 -0.103457 0.962565 -0.250530 73.456467 -0.160283 0.232455 0.959309 1.911041 0.000000 0.000000 0.000000 1.000000
0.985702 0.139773 0.094098 36.092907 -0.111050 0.958908 -0.261080 73.615959 -0.126723 0.246897 0.960720 0.252946 0.000000 0.000000 0.000000 1.000000
0.989276 0.137427 0.049462 38.928108 -0.118569 0.953389 -0.277472 73.987312 -0.085289 0.268632 0.959460 -1.213679 0.000000 0.000000 0.000000 1.000000
0.991788 0.127896 0.000287 41.815235 -0.122314 0.949153 -0.290082 74.581543 -0.037373 0.287664 0.957002 -2.673680 0.000000 0.000000 0.000000 1.000000
0.992816 0.108224 -0.051035 44.271431 -0.118522 0.948002 -0.295372 75.333290 0.016415 0.299299 0.954018 -4.061190 0.000000 0.000000 0.000000 1.000000
0.991439 0.080495 -0.102806 46.474491 -0.107810 0.948846 -0.296764 76.151154 0.073659 0.305307 0.949401 -5.652602 0.000000 0.000000 0.000000 1.000000
0.986918 0.050374 -0.153153 48.491322 -0.095235 0.948644 -0.301670 76.902313 0.130092 0.312309 0.941031 -7.455057 0.000000 0.000000 0.000000 1.000000
0.979512 0.021684 -0.200215 50.355606 -0.085284 0.945301 -0.314853 77.441101 0.182436 0.325477 0.927783 -9.330410 0.000000 0.000000 0.000000 1.000000
0.970103 -0.005757 -0.242627 52.129314 -0.078031 0.939238 -0.334279 77.779343 0.229809 0.343218 0.910708 -11.357442 0.000000 0.000000 0.000000 1.000000
0.959485 -0.034733 -0.279610 53.947445 -0.069485 0.932554 -0.354282 78.000648 0.273056 0.359357 0.892358 -13.528700 0.000000 0.000000 0.000000 1.000000
0.947838 -0.067940 -0.311426 55.972095 -0.055319 0.927132 -0.370629 78.101234 0.313914 0.368524 0.875013 -15.665601 0.000000 0.000000 0.000000 1.000000
0.934159 -0.107073 -0.340415 57.917233 -0.032941 0.923979 -0.381022 77.924576 0.355333 0.367148 0.859616 -18.036892 0.000000 0.000000 0.000000 1.000000
0.921184 -0.138290 -0.363725 60.024681 -0.012947 0.923310 -0.383836 77.642403 0.388911 0.358293 0.848749 -20.087729 0.000000 0.000000 0.000000 1.000000
0.912422 -0.154427 -0.378997 61.682762 -0.000430 0.925712 -0.378229 77.395302 0.409251 0.345267 0.844574 -22.222212 0.000000 0.000000 0.000000 1.000000
0.907919 -0.160825 -0.387065 63.573978 0.009494 0.931113 -0.364607 76.872566 0.419039 0.327358 0.846902 -24.365952 0.000000 0.000000 0.000000 1.000000
0.906849 -0.161357 -0.389345 65.227882 0.020305 0.939463 -0.342050 75.823746 0.420967 0.302281 0.855227 -26.706137 0.000000 0.000000 0.000000 1.000000
0.907705 -0.156223 -0.389444 67.029678 0.031499 0.950861 -0.308012 74.171181 0.418426 0.267317 0.868022 -29.506624 0.000000 0.000000 0.000000 1.000000
0.910132 -0.141749 -0.389317 68.982201 0.037246 0.963842 -0.263859 72.106514 0.412641 0.225646 0.882503 -32.401585 0.000000 0.000000 0.000000 1.000000
0.914457 -0.117574 -0.387227 70.637810 0.032859 0.975277 -0.218527 70.027275 0.403347 0.187110 0.895713 -34.779690 0.000000 0.000000 0.000000 1.000000
0.918899 -0.092702 -0.383446 71.646454 0.022424 0.982700 -0.183842 68.247871 0.393855 0.160334 0.905081 -36.435951 0.000000 0.000000 0.000000 1.000000
0.921152 -0.077190 -0.381471 71.859360 0.013462 0.985868 -0.166981 67.005013 0.388970 0.148679 0.909174 -37.155491 0.000000 0.000000 0.000000 1.000000
0.919701 -0.078106 -0.384771 71.471832 0.012868 0.985483 -0.169289 66.548424 0.392408 0.150744 0.907355 -36.974014 0.000000 0.000000 0.000000 1.000000
0.914609 -0.097460 -0.392417 70.404755 0.023154 0.981548 -0.189811 67.001686 0.403675 0.164516 0.899989 -35.835136 0.000000 0.000000 0.000000 1.000000
0.907533 -0.129407 -0.399547 68.350632 0.039324 0.973349 -0.225933 68.254303 0.418136 0.189330 0.888435 -33.927490 0.000000 0.000000 0.000000 1.000000
0.901230 -0.161075 -0.402292 65.853752 0.050951 0.961299 -0.270755 69.898705 0.430335 0.223516 0.874558 -30.981710 0.000000 0.000000 0.000000 1.000000
0.898072 -0.181213 -0.400784 62.901993 0.051497 0.948240 -0.313350 71.560730 0.436823 0.260772 0.860920 -27.938475 0.000000 0.000000 0.000000 1.000000
0.897437 -0.189553 -0.398343 59.855431 0.045728 0.938086 -0.343370 72.665382 0.438767 0.289938 0.850541 -25.102980 0.000000 0.000000 0.000000 1.000000
0.901045 -0.184271 -0.392634 57.209236 0.036230 0.934074 -0.355237 73.453705 0.432209 0.305859 0.848319 -22.748833 0.000000 0.000000 0.000000 1.000000
0.910430 -0.163853 -0.379827 54.335129 0.022369 0.936363 -0.350319 74.210602 0.413057 0.310444 0.856159 -20.150827 0.000000 0.000000 0.000000 1.000000
0.922099 -0.137887 -0.361554 51.444256 0.008966 0.941719 -0.336280 75.005173 0.386851 0.306842 0.869594 -17.765432 0.000000 0.000000 0.000000 1.000000
0.933161 -0.113039 -0.341222 48.770695 -0.003519 0.946349 -0.323128 75.626434 0.359441 0.302731 0.882698 -15.511941 0.000000 0.000000 0.000000 1.000000
0.942915 -0.087391 -0.321362 46.101700 -0.020120 0.948245 -0.316901 76.158028 0.332424 0.305277 0.892357 -13.292655 0.000000 0.000000 0.000000 1.000000
0.949775 -0.060489 -0.307032 43.568169 -0.041593 0.948034 -0.315440 76.536392 0.310158 0.312367 0.897903 -11.332251 0.000000 0.000000 0.000000 1.000000
0.953495 -0.031013 -0.299809 41.135597 -0.067235 0.947743 -0.311869 76.764854 0.293814 0.317524 0.901583 -9.631065 0.000000 0.000000 0.000000 1.000000
0.955088 0.001594 -0.296317 38.594048 -0.095502 0.948283 -0.302719 77.022858 0.280510 0.317422 0.905846 -8.192310 0.000000 0.000000 0.000000 1.000000
0.956233 0.034877 -0.290521 36.112621 -0.123125 0.948653 -0.291371 77.239861 0.265442 0.314389 0.911428 -6.750597 0.000000 0.000000 0.000000 1.000000
0.958653 0.064112 -0.277262 33.546272 -0.145589 0.947629 -0.284260 77.278175 0.244517 0.312873 0.917781 -5.420570 0.000000 0.000000 0.000000 1.000000
0.963075 0.084426 -0.255652 31.111324 -0.158574 0.945256 -0.285210 77.009605 0.217578 0.315219 0.923741 -4.212372 0.000000 0.000000 0.000000 1.000000
0.968869 0.091618 -0.229997 28.274969 -0.158653 0.942947 -0.292713 76.337296 0.190057 0.320091 0.928127 -2.987512 0.000000 0.000000 0.000000 1.000000
0.974091 0.087084 -0.208717 25.031019 -0.148632 0.942099 -0.300596 75.385994 0.170455 0.323830 0.930634 -1.698530 0.000000 0.000000 0.000000 1.000000
0.976817 0.076425 -0.199971 21.491661 -0.135536 0.943831 -0.301353 74.267159 0.165707 0.321470 0.932308 -0.415233 0.000000 0.000000 0.000000 1.000000
0.976487 0.065440 -0.205405 17.540602 -0.124607 0.948857 -0.290076 72.976585 0.175917 0.308850 0.934700 0.788675 0.000000 0.000000 0.000000 1.000000
0.974315 0.055202 -0.218320 13.240733 -0.113997 0.956994 -0.266770 71.708656 0.194205 0.284806 0.938707 1.868513 0.000000 0.000000 0.000000 1.000000
0.973535 0.037942 -0.225365 8.546412 -0.092861 0.966720 -0.238388 70.526962 0.208820 0.253007 0.944660 2.730278 0.000000 0.000000 0.000000 1.000000
0.976401 0.005621 -0.215890 3.309108 -0.054037 0.974221 -0.219027 69.636047 0.209094 0.225524 0.951535 3.286965 0.000000 0.000000 0.000000 1.000000
0.981529 -0.038548 -0.187391 -2.697870 -0.004249 0.974857 -0.222791 69.388382 0.191268 0.219472 0.956686 3.379571 0.000000 0.000000 0.000000 1.000000
0.986690 -0.078627 -0.142339 -9.795610 0.040992 0.967329 -0.250188 69.644516 0.157360 0.241023 0.957677 3.705798 0.000000 0.000000 0.000000 1.000000
0.991269 -0.100446 -0.085414 -17.132919 0.072278 0.955758 -0.285135 70.292336 0.110276 0.276472 0.954674 3.912872 0.000000 0.000000 0.000000 1.000000
0.994173 -0.104603 -0.026036 -23.898695 0.091368 0.945883 -0.311379 71.167183 0.057199 0.307186 0.949929 3.622614 0.000000 0.000000 0.000000 1.000000
0.994439 -0.103029 0.021835 -30.585299 0.104484 0.939117 -0.327326 71.921677 0.013218 0.327787 0.944659 3.267446 0.000000 0.000000 0.000000 1.000000
0.993748 -0.101935 0.045551 -36.317535 0.111378 0.933515 -0.340800 72.817017 -0.007783 0.343743 0.939032 2.694902 0.000000 0.000000 0.000000 1.000000
0.993694 -0.101483 0.047689 -41.566921 0.111825 0.928222 -0.354822 73.672455 -0.008257 0.357918 0.933717 1.972954 0.000000 0.000000 0.000000 1.000000
0.993988 -0.099455 0.045786 -46.335278 0.109326 0.924293 -0.365691 74.506645 -0.005950 0.368498 0.929610 1.236261 0.000000 0.000000 0.000000 1.000000
0.993974 -0.093986 0.056412 -50.398540 0.108280 0.921952 -0.371860 75.399612 -0.017059 0.375728 0.926573 0.521888 0.000000 0.000000 0.000000 1.000000
0.993114 -0.084930 0.080691 -53.834869 0.109300 0.919625 -0.377284 76.419106 -0.042163 0.383505 0.922576 -0.133551 0.000000 0.000000 0.000000 1.000000
0.991611 -0.072406 0.107072 -56.845802 0.108113 0.918629 -0.380041 77.465019 -0.070842 0.388429 0.918751 -0.801537 0.000000 0.000000 0.000000 1.000000
0.989226 -0.056782 0.134935 -59.530025 0.104301 0.920140 -0.377443 78.327621 -0.102727 0.387451 0.916149 -1.616479 0.000000 0.000000 0.000000 1.000000
0.985093 -0.037038 0.167987 -61.902275 0.098092 0.923162 -0.371684 78.866631 -0.141313 0.382622 0.913034 -2.643589 0.000000 0.000000 0.000000 1.000000
0.978201 -0.013860 0.207198 -63.984058 0.090189 0.927110 -0.363775 79.220802 -0.187054 0.374532 0.908150 -3.794257 0.000000 0.000000 0.000000 1.000000
0.968152 0.013389 0.250004 -65.702599 0.078717 0.931648 -0.354732 79.624146 -0.237665 0.363114 0.900924 -4.944098 0.000000 0.000000 0.000000 1.000000
0.955067 0.043462 0.293185 -66.983704 0.063340 0.936409 -0.345148 80.220016 -0.289542 0.348210 0.891580 -6.075363 0.000000 0.000000 0.000000 1.000000
0.938795 0.075157 0.336179 -67.893028 0.044666 0.941113 -0.335129 80.950180 -0.341569 0.329633 0.880155 -7.284001 0.000000 0.000000 0.000000 1.000000</float_array>
        <technique_common>
          <accessor source="#mixamorig_Hips-Matrix-animation-output-transform-array" count="104" stride="16">
            <param type="float4x4"/>
          </accessor>
        </technique_common>
      </source>
      <source id="mixamorig_Hips-Interpolations">
        <Name_array id="mixamorig_Hips-Interpolations-array" count="104">
 LINEAR LINEAR LINEAR LINEAR LINEAR LINEAR LINEAR LINEAR LINEAR LINEAR LINEAR
LINEAR LINEAR LINEAR LINEAR LINEAR LINEAR LINEAR LINEAR LINEAR LINEAR LINEAR LINEAR
LINEAR LINEAR LINEAR LINEAR LINEAR LINEAR LINEAR LINEAR LINEAR LINEAR LINEAR LINEAR
LINEAR LINEAR LINEAR LINEAR LINEAR LINEAR LINEAR LINEAR LINEAR LINEAR LINEAR LINEAR
LINEAR LINEAR LINEAR LINEAR LINEAR LINEAR LINEAR LINEAR LINEAR LINEAR LINEAR LINEAR
LINEAR LINEAR LINEAR LINEAR LINEAR LINEAR LINEAR LINEAR LINEAR LINEAR LINEAR LINEAR
LINEAR LINEAR LINEAR LINEAR LINEAR LINEAR LINEAR LINEAR LINEAR LINEAR LINEAR LINEAR
LINEAR LINEAR LINEAR LINEAR LINEAR LINEAR LINEAR LINEAR LINEAR LINEAR LINEAR LINEAR
LINEAR LINEAR LINEAR LINEAR LINEAR LINEAR LINEAR LINEAR LINEAR</Name_array>
        <technique_common>
          <accessor source="#mixamorig_Hips-Interpolations-array" count="104">
            <param type="name"/>
          </accessor>
        </technique_common>
      </source>
      <sampler id="mixamorig_Hips-Matrix-animation-transform">
        <input semantic="INPUT" source="#mixamorig_Hips-Matrix-animation-input"/>
        <input semantic="OUTPUT" source="#mixamorig_Hips-Matrix-animation-output-transform"/>
        <input semantic="INTERPOLATION" source="#mixamorig_Hips-Interpolations"/>
      </sampler>
      <channel source="#mixamorig_Hips-Matrix-animation-transform" target="mixamorig_Hips/matrix"/>
    </animation>
    <animation id="mixamorig_Spine-anim" name="mixamorig_Spine">
      <source id="mixamorig_Spine-Matrix-animation-input">
        <float_array id="mixamorig_Spine-Matrix-animation-input-array" count="104">

0.000000 0.033333 0.066667 0.100000 0.133333 0.166667 0.200000 0.233333 0.266667 0.300000 0.333333 0.366667 0.400000 0.433333 0.466667 0.500000
0.533333 0.566667 0.600000 0.633333 0.666667 0.700000 0.733333 0.766667 0.800000 0.833333 0.866667 0.900000 0.933333 0.966667 1.000000 1.033333
1.066667 1.100000 1.133333 1.166667 1.200000 1.233333 1.266667 1.300000 1.333333 1.366667 1.400000 1.433333 1.466667 1.500000 1.533333 1.566667
1.600000 1.633333 1.666667 1.700000 1.733333 1.766667 1.800000 1.833333 1.866667 1.900000 1.933333 1.966667 2.000000 2.033333 2.066667 2.100000
2.133333 2.166667 2.200000 2.233333 2.266667 2.300000 2.333333 2.366667 2.400000 2.433333 2.466667 2.500000 2.533333 2.566667 2.600000 2.633333
2.666667 2.700000 2.733333 2.766667 2.800000 2.833333 2.866667 2.900000 2.933333 2.966667 3.000000 3.033333 3.066667 3.100000 3.133333 3.166667
3.200000 3.233333 3.266667 3.300000 3.333333 3.366667 3.400000 3.433333</float_array>
        <technique_common>
          <accessor source="#mixamorig_Spine-Matrix-animation-input-array" count="104">
            <param name="TIME" type="float"/>
          </accessor>
        </technique_common>
      </source>
      <source id="mixamorig_Spine-Matrix-animation-output-transform">
        <float_array id="mixamorig_Spine-Matrix-animation-output-transform-array" count="1664">

0.967844 -0.162655 -0.191889 -0.000000 0.081297 0.924138 -0.373308 10.763900 0.238052 0.345704 0.907645 1.243500 0.000000 0.000000 0.000000 1.000000
0.960081 -0.181066 -0.213212 0.000000 0.098308 0.932018 -0.348823 10.763900 0.261878 0.313938 0.912613 1.243500 0.000000 0.000000 0.000000 1.000000
0.950701 -0.196328 -0.240049 0.000000 0.112775 0.939958 -0.322118 10.763900 0.288877 0.279166 0.915760 1.243500 0.000000 0.000000 0.000000 1.000000
0.940019 -0.206147 -0.271787 0.000000 0.122524 0.947613 -0.294986 10.763900 0.318359 0.243992 0.916032 1.243500 0.000000 0.000000 0.000000 1.000000
0.931361 -0.206856 -0.299628 -0.000000 0.122090 0.952723 -0.278231 10.763900 0.343016 0.222552 0.912585 1.243500 0.000000 0.000000 0.000000 1.000000
0.928296 -0.199894 -0.313543 0.000000 0.110397 0.953353 -0.280947 10.763900 0.355076 0.226188 0.907061 1.243500 0.000000 0.000000 0.000000 1.000000
0.929185 -0.192381 -0.315603 0.000000 0.093085 0.948145 -0.303902 10.763900 0.357702 0.253003 0.898910 1.243500 0.000000 0.000000 0.000000 1.000000
0.933031 -0.183807 -0.309303 0.000000 0.068870 0.935004 -0.347887 10.763900 0.353143 0.303288 0.885046 1.243500 0.000000 0.000000 0.000000 1.000000
0.940205 -0.166916 -0.296908 -0.000000 0.033592 0.912885 -0.406832 10.763900 0.338950 0.372532 0.863906 1.243500 0.000000 0.000000 0.000000 1.000000
0.950464 -0.140237 -0.277402 0.000000 -0.007686 0.881565 -0.471999 10.763900 0.310739 0.450751 0.836818 1.243500 0.000000 0.000000 0.000000 1.000000
0.960474 -0.117638 -0.252293 -0.000000 -0.036087 0.846053 -0.531876 10.763900 0.276022 0.519957 0.808366 1.243500 0.000000 0.000000 0.000000 1.000000
0.966842 -0.110653 -0.230159 -0.000000 -0.044486 0.814498 -0.578459 10.763900 0.251472 0.569517 0.782568 1.243500 0.000000 0.000000 0.000000 1.000000
0.968102 -0.117497 -0.221299 0.000000 -0.041740 0.795255 -0.604836 10.763900 0.247055 0.594780 0.764984 1.243500 0.000000 0.000000 0.000000 1.000000
0.964473 -0.130454 -0.229723 0.000000 -0.037230 0.793774 -0.607072 10.763900 0.261543 0.594058 0.760717 1.243500 0.000000 0.000000 0.000000 1.000000
0.956970 -0.150217 -0.248280 -0.000000 -0.025890 0.807978 -0.588643 10.763900 0.289029 0.569742 0.769322 1.243500 0.000000 0.000000 0.000000 1.000000
0.947647 -0.180090 -0.263689 -0.000000 0.002339 0.829680 -0.558234 10.763900 0.319310 0.528392 0.786666 1.243500 0.000000 0.000000 0.000000 1.000000
0.938456 -0.217319 -0.268465 0.000000 0.047361 0.850880 -0.523220 10.763900 0.342137 0.478304 0.808806 1.243500 0.000000 0.000000 0.000000 1.000000
0.930304 -0.250506 -0.267922 0.000000 0.093619 0.868426 -0.486901 10.763900 0.354641 0.427883 0.831352 1.243500 0.000000 0.000000 0.000000 1.000000
0.924114 -0.268615 -0.271770 0.000000 0.123901 0.883436 -0.451873 10.763900 0.361471 0.383910 0.849678 1.243500 0.000000 0.000000 0.000000 1.000000
0.921330 -0.271115 -0.278653 0.000000 0.135396 0.895618 -0.423717 10.763900 0.364443 0.352655 0.861868 1.243500 0.000000 0.000000 0.000000 1.000000
0.923804 -0.268206 -0.273225 -0.000000 0.139664 0.900525 -0.411763 10.763900 0.356483 0.342229 0.869367 1.243500 0.000000 0.000000 0.000000 1.000000
0.932434 -0.268715 -0.241577 0.000000 0.148085 0.894011 -0.422865 10.763900 0.329602 0.358519 0.873399 1.243500 0.000000 0.000000 0.000000 1.000000
0.944186 -0.271178 -0.187017 0.000000 0.162474 0.877235 -0.451731 10.763900 0.286557 0.396133 0.872333 1.243500 0.000000 0.000000 0.000000 1.000000
0.954758 -0.268058 -0.128773 0.000000 0.175595 0.857631 -0.483359 10.763900 0.240008 0.438879 0.865899 1.243500 0.000000 0.000000 0.000000 1.000000
0.962675 -0.257174 -0.084371 0.000000 0.180135 0.841432 -0.509454 10.763900 0.202011 0.475241 0.856352 1.243500 0.000000 0.000000 0.000000 1.000000
0.968838 -0.241349 -0.055708 -0.000000 0.175145 0.826550 -0.534920 10.763900 0.175148 0.508494 0.843064 1.243500 0.000000 0.000000 0.000000 1.000000
0.975215 -0.219103 -0.030813 0.000000 0.163406 0.807099 -0.567354 10.763900 0.149178 0.548257 0.822898 1.243500 0.000000 0.000000 0.000000 1.000000
0.982804 -0.184612 0.003741 0.000000 0.149130 0.781641 -0.605638 10.763900 0.108884 0.595781 0.795732 1.243500 0.000000 0.000000 0.000000 1.000000
0.988952 -0.139390 0.050436 -0.000000 0.139206 0.756379 -0.639150 10.763900 0.050942 0.639109 0.767427 1.243500 0.000000 0.000000 0.000000 1.000000
0.990753 -0.095112 0.096760 0.000000 0.135361 0.741710 -0.656919 10.763900 -0.009287 0.663942 0.747726 1.243500 0.000000 0.000000 0.000000 1.000000
0.989386 -0.068238 0.128293 -0.000000 0.136261 0.742398 -0.655956 10.763900 -0.050483 0.666475 0.743816 1.243500 0.000000 0.000000 0.000000 1.000000
0.988266 -0.064371 0.138518 -0.000000 0.139073 0.754211 -0.641736 10.763900 -0.063162 0.653470 0.754313 1.243500 0.000000 0.000000 0.000000 1.000000
0.988240 -0.078874 0.130999 0.000000 0.144100 0.767000 -0.625257 10.763900 -0.051160 0.636781 0.769346 1.243500 0.000000 0.000000 0.000000 1.000000
0.988437 -0.103436 0.110876 0.000000 0.150093 0.771343 -0.618467 10.763900 -0.021552 0.627958 0.777949 1.243500 0.000000 0.000000 0.000000 1.000000
0.988530 -0.127866 0.080369 0.000000 0.149936 0.767079 -0.623786 10.763900 0.018111 0.628681 0.777452 1.243500 0.000000 0.000000 0.000000 1.000000
0.989442 -0.138841 0.041563 0.000000 0.133900 0.766023 -0.628712 10.763900 0.055453 0.627640 0.776526 1.243500 0.000000 0.000000 0.000000 1.000000
0.992337 -0.123557 0.000712 -0.000000 0.097642 0.780644 -0.617301 10.763900 0.075716 0.612640 0.786727 1.243500 0.000000 0.000000 0.000000 1.000000
0.996134 -0.080935 -0.034153 0.000000 0.045329 0.806601 -0.589356 10.763900 0.075247 0.585530 0.807151 1.243500 0.000000 0.000000 0.000000 1.000000
0.997773 -0.030034 -0.059549 -0.000000 -0.009167 0.822638 -0.568492 10.763900 0.066062 0.567772 0.820531 1.243500 0.000000 0.000000 0.000000 1.000000
0.997020 0.003070 -0.077081 0.000000 -0.047464 0.812092 -0.581596 10.763900 0.060812 0.583522 0.809818 1.243500 0.000000 0.000000 0.000000 1.000000
0.995774 0.011780 -0.091079 0.000000 -0.066302 0.778443 -0.624204 10.763900 0.063546 0.627605 0.775934 1.243500 0.000000 0.000000 0.000000 1.000000
0.994893 0.009008 -0.100530 0.000000 -0.073847 0.743929 -0.664166 10.763900 0.068804 0.668198 0.740795 1.243500 0.000000 0.000000 0.000000 1.000000
0.994399 0.011235 -0.105094 -0.000000 -0.079863 0.731176 -0.677498 10.763900 0.069230 0.682096 0.727978 1.243500 0.000000 0.000000 0.000000 1.000000
0.994542 0.023917 -0.101561 0.000000 -0.085657 0.742955 -0.663838 10.763900 0.059578 0.668914 0.740948 1.243500 0.000000 0.000000 0.000000 1.000000
0.994786 0.046951 -0.090536 0.000000 -0.094009 0.766322 -0.635542 10.763900 0.039541 0.640739 0.766740 1.243500 0.000000 0.000000 0.000000 1.000000
0.994284 0.077872 -0.073047 0.000000 -0.106263 0.788286 -0.606064 10.763900 0.010386 0.610362 0.792055 1.243500 0.000000 0.000000 0.000000 1.000000
0.992111 0.114912 -0.050109 0.000000 -0.122496 0.803635 -0.582380 10.763900 -0.026653 0.583923 0.811371 1.243500 0.000000 0.000000 0.000000 1.000000
0.987862 0.153877 -0.021244 0.000000 -0.139089 0.815325 -0.562050 10.763900 -0.069166 0.558182 0.826830 1.243500 0.000000 0.000000 0.000000 1.000000
0.982096 0.187853 0.014114 -0.000000 -0.151062 0.830082 -0.536790 10.763900 -0.112553 0.525048 0.843598 1.243500 0.000000 0.000000 0.000000 1.000000
0.975501 0.213032 0.054910 0.000000 -0.157629 0.850950 -0.501037 10.763900 -0.153463 0.480107 0.863682 1.243500 0.000000 0.000000 0.000000 1.000000
0.967768 0.231426 0.099331 0.000000 -0.162278 0.874657 -0.456772 10.763900 -0.192590 0.425930 0.884021 1.243500 0.000000 0.000000 0.000000 1.000000
0.957994 0.247473 0.144928 -0.000000 -0.169441 0.896132 -0.410168 10.763900 -0.231380 0.368382 0.900421 1.243500 0.000000 0.000000 0.000000 1.000000
0.946120 0.264107 0.187361 0.000000 -0.181815 0.912062 -0.367541 10.763900 -0.267955 0.313673 0.910939 1.243500 0.000000 0.000000 0.000000 1.000000
0.933140 0.283353 0.221269 0.000000 -0.199878 0.920477 -0.335815 10.763900 -0.298827 0.269135 0.915570 1.243500 0.000000 0.000000 0.000000 1.000000
0.925264 0.291320 0.242939 0.000000 -0.207735 0.925031 -0.318063 10.763900 -0.317384 0.243825 0.916415 1.243500 0.000000 0.000000 0.000000 1.000000
0.925573 0.281626 0.252986 0.000000 -0.196469 0.928570 -0.314892 10.763900 -0.323597 0.241752 0.914790 1.243500 0.000000 0.000000 0.000000 1.000000
0.930515 0.262114 0.255810 -0.000000 -0.171688 0.929122 -0.327500 10.763900 -0.323521 0.260824 0.909563 1.243500 0.000000 0.000000 0.000000 1.000000
0.937119 0.240320 0.253091 0.000000 -0.140006 0.923113 -0.358136 10.763900 -0.319699 0.300182 0.898712 1.243500 0.000000 0.000000 0.000000 1.000000
0.944411 0.219609 0.244662 0.000000 -0.105490 0.907249 -0.407149 10.763900 -0.311383 0.358707 0.879983 1.243500 0.000000 0.000000 0.000000 1.000000
0.952402 0.195792 0.233659 0.000000 -0.067733 0.883234 -0.464014 10.763900 -0.297226 0.426102 0.854456 1.243500 0.000000 0.000000 0.000000 1.000000
0.960008 0.165036 0.226157 0.000000 -0.027061 0.858702 -0.511760 10.763900 -0.278660 0.485174 0.828827 1.243500 0.000000 0.000000 0.000000 1.000000
0.964953 0.134722 0.225200 -0.000000 0.009807 0.839049 -0.543968 10.763900 -0.262239 0.527112 0.808321 1.243500 0.000000 0.000000 0.000000 1.000000
0.966754 0.116907 0.227418 0.000000 0.034126 0.822426 -0.567847 10.763900 -0.253420 0.556729 0.791095 1.243500 0.000000 0.000000 0.000000 1.000000
0.966544 0.122616 0.225294 0.000000 0.035241 0.806530 -0.590142 10.763900 -0.254068 0.578338 0.775226 1.243500 0.000000 0.000000 0.000000 1.000000
0.964285 0.155649 0.214307 0.000000 0.005797 0.796518 -0.604587 10.763900 -0.264803 0.584237 0.767168 1.243500 0.000000 0.000000 0.000000 1.000000
0.957659 0.207072 0.200024 0.000000 -0.048369 0.800605 -0.597237 10.763900 -0.283811 0.562275 0.776723 1.243500 0.000000 0.000000 0.000000 1.000000
0.945917 0.258935 0.195433 0.000000 -0.108231 0.819801 -0.562328 10.763900 -0.305822 0.510764 0.803488 1.243500 0.000000 0.000000 0.000000 1.000000
0.931852 0.298297 0.206568 0.000000 -0.157023 0.844778 -0.511560 10.763900 -0.327101 0.444262 0.834048 1.243500 0.000000 0.000000 0.000000 1.000000
0.917829 0.327792 0.223925 0.000000 -0.193594 0.862047 -0.468397 10.763900 -0.346570 0.386558 0.854671 1.243500 0.000000 0.000000 0.000000 1.000000
0.908707 0.347298 0.231595 0.000000 -0.217101 0.867063 -0.448407 10.763900 -0.356538 0.357191 0.863305 1.243500 0.000000 0.000000 0.000000 1.000000
0.908214 0.354116 0.223046 0.000000 -0.226425 0.863990 -0.449726 10.763900 -0.351965 0.357944 0.864868 1.243500 0.000000 0.000000 0.000000 1.000000
0.912305 0.354190 0.205545 0.000000 -0.228567 0.856883 -0.462069 10.763900 -0.339789 0.374567 0.862695 1.243500 0.000000 0.000000 0.000000 1.000000
0.917370 0.349277 0.190888 0.000000 -0.224975 0.850616 -0.475225 10.763900 -0.328357 0.393012 0.858908 1.243500 0.000000 0.000000 0.000000 1.000000
0.924261 0.335150 0.182799 0.000000 -0.211323 0.847937 -0.486154 10.763900 -0.317936 0.410704 0.854540 1.243500 0.000000 0.000000 0.000000 1.000000
0.932689 0.314766 0.176107 0.000000 -0.190203 0.844085 -0.501341 10.763900 -0.306455 0.434099 0.847138 1.243500 0.000000 0.000000 0.000000 1.000000
0.942208 0.291914 0.164411 0.000000 -0.165529 0.832266 -0.529087 10.763900 -0.291281 0.471295 0.832488 1.243500 0.000000 0.000000 0.000000 1.000000
0.952376 0.267500 0.146372 -0.000000 -0.139612 0.809278 -0.570595 10.763900 -0.271089 0.522985 0.808082 1.243500 0.000000 0.000000 0.000000 1.000000
0.962883 0.239448 0.124587 0.000000 -0.113723 0.778484 -0.617277 10.763900 -0.244794 0.580197 0.776819 1.243500 0.000000 0.000000 0.000000 1.000000
0.973239 0.205528 0.102784 -0.000000 -0.088878 0.749137 -0.656425 10.763900 -0.211913 0.629723 0.747356 1.243500 0.000000 0.000000 0.000000 1.000000
0.982026 0.168287 0.085470 0.000000 -0.066202 0.731159 -0.678987 10.763900 -0.176756 0.661124 0.729158 1.243500 0.000000 0.000000 0.000000 1.000000
0.987759 0.136537 0.075433 -0.000000 -0.048438 0.728145 -0.683710 10.763900 -0.148278 0.671687 0.725845 1.243500 0.000000 0.000000 0.000000 1.000000
0.990415 0.116620 0.074010 0.000000 -0.036002 0.735275 -0.676812 10.763900 -0.133348 0.667661 0.732426 1.243500 0.000000 0.000000 0.000000 1.000000
0.991017 0.106863 0.080411 0.000000 -0.025930 0.743386 -0.668360 10.763900 -0.131199 0.660271 0.739479 1.243500 0.000000 0.000000 0.000000 1.000000
0.990687 0.099766 0.092662 -0.000000 -0.012735 0.745449 -0.666441 10.763900 -0.135563 0.659055 0.739777 1.243500 0.000000 0.000000 0.000000 1.000000
0.989932 0.090887 0.108507 0.000000 0.006226 0.737904 -0.674877 10.763900 -0.141405 0.668758 0.729909 1.243500 0.000000 0.000000 0.000000 1.000000
0.988976 0.083808 0.122079 -0.000000 0.024769 0.719182 -0.694381 10.763900 -0.145991 0.689749 0.709177 1.243500 0.000000 0.000000 0.000000 1.000000
0.988122 0.083087 0.129273 0.000000 0.035706 0.694068 -0.719023 10.763900 -0.149466 0.715099 0.682857 1.243500 0.000000 0.000000 0.000000 1.000000
0.987916 0.082717 0.131070 0.000000 0.040722 0.677431 -0.734459 10.763900 -0.149543 0.730921 0.665876 1.243500 0.000000 0.000000 0.000000 1.000000
0.989584 0.064171 0.128859 0.000000 0.050636 0.682767 -0.728879 10.763900 -0.134754 0.727812 0.672407 1.243500 0.000000 0.000000 0.000000 1.000000
0.992749 0.014185 0.119369 0.000000 0.074716 0.705086 -0.705174 10.763900 -0.094168 0.708980 0.698914 1.243500 0.000000 0.000000 0.000000 1.000000
0.993475 -0.055206 0.099799 0.000000 0.108499 0.727151 -0.677849 10.763900 -0.035148 0.684254 0.728396 1.243500 0.000000 0.000000 0.000000 1.000000
0.990842 -0.111849 0.075642 -0.000000 0.133874 0.740757 -0.658298 10.763900 0.017598 0.662396 0.748947 1.243500 0.000000 0.000000 0.000000 1.000000
0.989193 -0.132399 0.062990 0.000000 0.141475 0.749106 -0.647167 10.763900 0.038498 0.649084 0.759742 1.243500 0.000000 0.000000 0.000000 1.000000
0.990337 -0.120177 0.069212 -0.000000 0.136480 0.755958 -0.640235 10.763900 0.024620 0.643495 0.765055 1.243500 0.000000 0.000000 0.000000 1.000000
0.991533 -0.100274 0.082510 -0.000000 0.129853 0.761520 -0.635000 10.763900 0.000841 0.640338 0.768093 1.243500 0.000000 0.000000 0.000000 1.000000
0.992222 -0.093831 0.081805 0.000000 0.124411 0.769852 -0.625979 10.763900 -0.004242 0.631287 0.775538 1.243500 0.000000 0.000000 0.000000 1.000000
0.993175 -0.101543 0.057384 0.000000 0.115456 0.786094 -0.607228 10.763900 0.016551 0.609709 0.792453 1.243500 0.000000 0.000000 0.000000 1.000000
0.993701 -0.110680 0.017578 -0.000000 0.100287 0.808229 -0.580266 10.763900 0.050017 0.578374 0.814237 1.243500 0.000000 0.000000 0.000000 1.000000
0.993138 -0.114551 -0.023553 -0.000000 0.082910 0.831699 -0.549001 10.763900 0.082478 0.543281 0.835489 1.243500 0.000000 0.000000 0.000000 1.000000
0.991170 -0.117064 -0.062275 0.000000 0.068655 0.854876 -0.514270 10.763900 0.113440 0.505454 0.855364 1.243500 0.000000 0.000000 0.000000 1.000000
0.987294 -0.122150 -0.101634 0.000000 0.059688 0.877838 -0.475224 10.763900 0.147267 0.463120 0.873975 1.243500 0.000000 0.000000 0.000000 1.000000
0.981299 -0.131329 -0.140727 0.000000 0.058278 0.899487 -0.433043 10.763900 0.183453 0.416744 0.890320 1.243500 0.000000 0.000000 0.000000 1.000000
0.974690 -0.145071 -0.170098 0.000000 0.066372 0.914335 -0.399483 10.763900 0.213480 0.378083 0.900822 1.243500 0.000000 0.000000 0.000000 1.000000
0.967844 -0.162655 -0.191889 0.000000 0.081296 0.924139 -0.373308 10.763900 0.238052 0.345704 0.907645 1.243500 0.000000 0.000000 0.000000 1.000000</float_array>
        <technique_common>
          <accessor source="#mixamorig_Spine-Matrix-animation-output-transform-array" count="104" stride="16">
            <param type="float4x4"/>
          </accessor>
        </technique_common>
      </source>
      <source id="mixamorig_Spine-Interpolations">
        <Name_array id="mixamorig_Spine-Interpolations-array" count="104">
 LINEAR LINEAR LINEAR LINEAR LINEAR LINEAR LINEAR LINEAR LINEAR LINEAR LINEAR
LINEAR LINEAR LINEAR LINEAR LINEAR LINEAR LINEAR LINEAR LINEAR LINEAR LINEAR LINEAR
LINEAR LINEAR LINEAR LINEAR LINEAR LINEAR LINEAR LINEAR LINEAR LINEAR LINEAR LINEAR
LINEAR LINEAR LINEAR LINEAR LINEAR LINEAR LINEAR LINEAR LINEAR LINEAR LINEAR LINEAR
LINEAR LINEAR LINEAR LINEAR LINEAR LINEAR LINEAR LINEAR LINEAR LINEAR LINEAR LINEAR
LINEAR LINEAR LINEAR LINEAR LINEAR LINEAR LINEAR LINEAR LINEAR LINEAR LINEAR LINEAR
LINEAR LINEAR LINEAR LINEAR LINEAR LINEAR LINEAR LINEAR LINEAR LINEAR LINEAR LINEAR
LINEAR LINEAR LINEAR LINEAR LINEAR LINEAR LINEAR LINEAR LINEAR LINEAR LINEAR LINEAR
LINEAR LINEAR LINEAR LINEAR LINEAR LINEAR LINEAR LINEAR LINEAR</Name_array>
        <technique_common>
          <accessor source="#mixamorig_Spine-Interpolations-array" count="104">
            <param type="name"/>
          </accessor>
        </technique_common>
      </source>
      <sampler id="mixamorig_Spine-Matrix-animation-transform">
        <input semantic="INPUT" source="#mixamorig_Spine-Matrix-animation-input"/>
        <input semantic="OUTPUT" source="#mixamorig_Spine-Matrix-animation-output-transform"/>
        <input semantic="INTERPOLATION" source="#mixamorig_Spine-Interpolations"/>
      </sampler>
      <channel source="#mixamorig_Spine-Matrix-animation-transform" target="mixamorig_Spine/matrix"/>
    </animation>
    <animation id="mixamorig_Spine1-anim" name="mixamorig_Spine1">
      <source id="mixamorig_Spine1-Matrix-animation-input">
        <float_array id="mixamorig_Spine1-Matrix-animation-input-array" count="104">

0.000000 0.033333 0.066667 0.100000 0.133333 0.166667 0.200000 0.233333 0.266667 0.300000 0.333333 0.366667 0.400000 0.433333 0.466667 0.500000
0.533333 0.566667 0.600000 0.633333 0.666667 0.700000 0.733333 0.766667 0.800000 0.833333 0.866667 0.900000 0.933333 0.966667 1.000000 1.033333
1.066667 1.100000 1.133333 1.166667 1.200000 1.233333 1.266667 1.300000 1.333333 1.366667 1.400000 1.433333 1.466667 1.500000 1.533333 1.566667
1.600000 1.633333 1.666667 1.700000 1.733333 1.766667 1.800000 1.833333 1.866667 1.900000 1.933333 1.966667 2.000000 2.033333 2.066667 2.100000
2.133333 2.166667 2.200000 2.233333 2.266667 2.300000 2.333333 2.366667 2.400000 2.433333 2.466667 2.500000 2.533333 2.566667 2.600000 2.633333
2.666667 2.700000 2.733333 2.766667 2.800000 2.833333 2.866667 2.900000 2.933333 2.966667 3.000000 3.033333 3.066667 3.100000 3.133333 3.166667
3.200000 3.233333 3.266667 3.300000 3.333333 3.366667 3.400000 3.433333</float_array>
        <technique_common>
          <accessor source="#mixamorig_Spine1-Matrix-animation-input-array" count="104">
            <param name="TIME" type="float"/>
          </accessor>
        </technique_common>
      </source>
      <source id="mixamorig_Spine1-Matrix-animation-output-transform">
        <float_array id="mixamorig_Spine1-Matrix-animation-output-transform-array" count="1664">

0.998968 -0.031343 -0.032873 -0.000000 0.034670 0.993754 0.106072 13.063300 0.029343 -0.107102 0.993815 -0.000000 0.000000 0.000000 0.000000 1.000000
